100017,2018-02-10,3,841
100004,2018-03-19,1,342
100019,2018-04-16,5,164
100016,2018-03-13,4,531
100013,2018-01-23,7,158
100007,2018-03-24,8,530
100012,2018-03-16,5,157
100002,2018-03-28,2,492
100009,2018-02-27,10,981
100010,2018-04-13,5,472
100009,2018-02-05,9,720
100010,2018-01-31,6,204
100010,2018-01-16,7,118
100018,2018-02-28,10,419
100013,2018-03-12,1,954
100010,2018-03-11,8,911
100018,2018-02-19,4,914
100003,2018-02-16,1,377
100001,2018-01-31,8,360
100018,2018-03-07,2,103
100003,2018-03-11,1,501
100004,2018-01-28,5,170
100004,2018-03-05,9,157
100002,2018-02-26,4,754
100019,2018-01-23,7,419
100018,2018-01-26,9,785
100010,2018-04-13,9,810
100014,2018-04-05,8,427
100012,2018-03-29,10,738
100005,2018-04-17,10,652
100008,2018-02-01,7,932
100017,2018-03-30,5,762
100013,2018-04-24,3,423
100016,2018-04-04,5,798
100009,2018-03-20,4,297
100010,2018-03-05,10,973
100020,2018-02-28,7,371
100016,2018-03-23,7,749
100020,2018-04-17,5,166
100014,2018-02-23,3,212
100009,2018-03-27,2,372
100001,2018-04-13,5,178
100003,2018-04-15,8,73
100009,2018-01-27,5,926
100019,2018-02-21,5,498
100002,2018-03-24,3,319
100003,2018-04-09,10,988
100016,2018-01-25,4,498
100002,2018-02-23,6,424
100015,2018-04-07,6,194
100002,2018-04-11,6,530
100017,2018-03-28,2,480
100006,2018-04-11,6,683
100007,2018-02-09,6,321
100002,2018-02-11,2,539
100017,2018-03-22,9,931
100013,2018-01-31,3,902
100012,2018-02-08,3,471
100005,2018-02-27,2,164
100018,2018-04-25,4,186
100011,2018-04-07,1,507
100006,2018-02-24,10,679
100002,2018-03-12,10,202
100002,2018-02-25,3,130
100020,2018-03-01,6,650
100004,2018-03-29,5,676
100012,2018-02-23,7,165
100007,2018-02-25,4,543
100004,2018-03-07,8,511
100016,2018-03-17,9,434
100008,2018-02-16,4,211
100007,2018-04-03,10,264
100020,2018-04-17,9,709
100009,2018-01-27,10,430
100007,2018-04-23,8,565
100006,2018-02-09,7,567
100004,2018-02-23,5,422
100006,2018-02-13,7,232
100009,2018-03-19,5,994
100002,2018-04-16,8,196
100018,2018-03-28,2,449
100011,2018-03-30,3,929
100002,2018-04-03,10,784
100018,2018-02-03,9,717
100008,2018-03-06,7,413
100012,2018-02-26,7,171
100020,2018-04-21,4,376
100013,2018-03-20,9,185
100014,2018-03-06,4,968
100011,2018-04-07,2,240
100017,2018-04-04,7,868
100014,2018-01-22,4,148
100007,2018-02-04,6,782
100020,2018-02-19,9,59
100001,2018-03-20,7,522
100001,2018-02-23,3,253
100005,2018-01-20,7,754
100009,2018-02-24,5,715
100005,2018-02-27,1,220
100008,2018-01-31,3,916
